0.000000
0.000000
0.000000
-0.036953
-0.002826
0.094620
-0.085574
-0.018363
0.443252
-0.120608
-0.044939
0.995389
-0.181434
-0.119347
1.842830
-0.212187
-0.198680
2.649647
-0.361488
-0.320099
3.842100
-0.976451
-0.448170
5.898341
-1.174068
-0.679689
7.438998
-1.747307
-0.697884
8.946314
-2.539562
-0.576907
10.631790
-4.019902
-0.265462
12.421092
-5.592575
-0.083304
15.061307
-6.953906
0.031472
16.880777
-8.368870
0.120436
18.570965
-9.891224
0.179607
20.325813
-11.392639
0.213854
22.397507
-13.143908
0.215202
24.215784
-14.588818
0.281285
26.653393
-16.392097
0.485541
28.877895
-18.121792
0.498610
30.975533
-19.846537
0.736906
32.958214
-21.766499
0.717296
34.945431
-23.872128
0.738338
36.852814
-26.469215
0.631008
38.471535
-28.232761
0.623608
41.112713
-30.258017
0.743674
43.640797
-32.332005
0.854448
45.863403
-34.389381
0.866865
48.005199
-36.541401
0.931593
50.326584
-38.504036
0.963447
52.464317
-40.021133
1.082480
54.420055
-41.809105
1.162237
56.556919
-42.859608
1.305533
58.084789
-44.493176
1.415486
60.280052
-45.578590
1.604074
61.781361
-47.107960
1.726395
64.010155
-48.727417
1.810909
66.310417
-50.387161
1.891596
68.695229
-52.257507
2.067674
71.644508
-53.940632
2.154712
74.062920
-55.813980
2.284398
76.481712
-57.519104
2.387325
78.901649
-58.975838
2.446970
81.292809
-60.474503
2.569601
83.774437
-61.563934
2.759254
86.451340
-62.801739
2.967441
89.022011
-63.548836
3.251978
91.427040
-64.617050
3.517409
94.041176
-65.413170
3.621376
95.856567
-66.404984
3.817851
98.213669
-67.433075
4.006639
100.092728
-68.545830
4.171047
102.346588
-69.137291
4.278543
103.453323
-70.050613
4.433234
105.528282
-70.831993
4.570188
107.565842
-70.962570
4.632249
108.473274
-70.903267
4.729036
109.546875
-70.934135
4.863574
111.813202
-71.218948
4.901974
114.064278
-71.561462
4.945406
116.275696
-71.742073
5.206086
118.748810
-72.055954
5.279130
121.215225
-72.126083
5.510280
124.373268
-72.351311
5.614840
127.225403
-72.841629
5.757547
129.835449
-73.108002
5.912459
132.669540
-73.555626
6.036163
134.978195
-73.963142
6.159616
137.425735
-74.592545
6.204998
139.715408
-75.034233
6.232084
142.073578
-75.705078
6.242599
144.533340
-76.264130
6.266300
146.877426
-76.550171
6.285924
148.190414
-77.024773
6.288134
150.639359
-77.371849
6.303070
152.862610
-77.769920
6.336878
155.269592
-78.031563
6.425210
156.918839
-78.375031
6.526577
160.572296
-78.618942
6.613505
163.154221
-78.883858
6.615363
165.495422
-79.105476
6.579298
168.123230
-79.282990
6.556937
170.734390
-79.476692
6.635333
173.574783
-79.705200
6.617701
176.350449
-79.894257
6.581698
178.569977
-80.163834
6.397651
181.155167
-80.384148
6.278695
183.351166
-80.973587
6.412438
185.074188
-80.806625
6.575110
187.325150
-80.937042
6.779828
189.402664
-81.469810
6.762990
191.638870
-82.133224
6.768713
193.963867
-83.130562
6.762195
196.292816
-83.763603
6.701975
198.439713
-84.413445
6.687576
200.776596
-85.167610
6.682891
203.384567
-85.818428
6.627770
206.215057
-86.501488
6.650201
209.131348
-86.674232
6.693283
213.080338
-87.165199
6.622264
216.435135
-87.321205
6.788053
219.733551
-87.634865
7.059122
222.382660
-87.960129
7.118553
226.029312
-88.186394
7.140301
229.551315
-88.586685
7.206425
233.369492
-89.072906
7.249872
236.942474
-89.847343
7.329737
240.404358
-90.388596
7.317793
243.806671
-90.828094
7.339344
246.791595
-91.536774
7.337897
250.081604
-92.349098
7.359292
253.301239
-93.260292
7.307512
256.399414
-94.060677
7.355421
258.958801
-95.017830
7.301665
261.926270
-95.832947
7.337809
264.779144
-96.347595
7.353742
266.622253
-97.207108
7.299479
269.321625
-98.144608
7.282148
272.166443
-98.875496
7.341048
274.652863
-99.882622
7.280000
277.751709
-100.793671
7.157233
280.809174
-101.699585
7.098469
283.817535
-102.536926
7.057438
286.683685
-103.100845
7.042793
288.286407
-103.638680
7.025792
289.991913
-104.411346
6.960005
292.376373
-104.932648
6.970348
293.985962
-105.728271
6.921823
296.549530
-106.380356
6.841336
298.749359
-107.034721
6.750116
301.112976
-107.446739
6.633375
302.680847
-107.737244
6.599494
303.697327
-108.477272
6.480076
305.954315
-109.280029
6.346417
308.185272
-110.127678
6.190004
310.783936
-111.236595
6.078698
313.512543
-112.289925
5.931275
315.821320
-113.332703
5.679130
318.056610
-114.142830
5.485470
319.607666
-115.236519
5.185814
321.763214
-115.907204
4.926138
323.187775
-117.083366
4.612595
325.505463
-118.928841
4.130643
328.457703
-120.279427
3.768870
330.444580
-122.744354
3.340987
333.322662
-124.552231
2.997702
335.145050
-126.063782
2.670736
336.197021
-127.891350
2.286623
337.699188
-129.058365
1.978060
338.906128
-130.825089
1.590912
340.376343
-131.680420
1.496492
341.320709
-133.265701
1.284228
342.717499
-134.491486
1.136931
344.154053
-135.761047
0.978526
345.385468
-136.485809
0.927617
346.098358
-137.699356
0.803679
347.393005
-138.832230
0.756005
348.223755
-139.976166
0.674788
349.326965
-140.732071
0.618066
349.877319
-142.041382
0.532602
351.066223
-143.169312
0.441481
352.174072
-144.575378
0.304989
352.622498
-145.462860
0.264662
353.252838
-146.104401
0.197447
353.078705
-146.809616
0.164915
353.425751
-147.201065
0.146279
353.615875
-147.423630
0.105710
353.466553
-148.031906
0.072222
353.724884
-148.127029
0.066132
353.765381
-148.454178
0.045627
353.939667
-148.651642
0.070289
354.024750
-149.205872
0.029496
354.305267
-149.643829
-0.011873
354.568207
-149.957504
-0.037303
354.755005
-150.636719
-0.075996
355.238342
-151.153641
-0.104477
355.611053
-151.778671
-0.099654
356.086853
-152.457977
-0.146939
356.687988
-152.933640
-0.140956
357.247925
-153.706711
-0.171567
358.078003
-154.350891
-0.173145
358.948608
-155.069672
-0.161083
359.955231
-155.891586
-0.107650
361.490234
-156.465271
-0.060975
362.596039
-157.227066
-0.028806
364.104126
-157.844681
0.027410
365.496979
-158.474457
0.082834
367.028625
-159.194199
0.147633
368.860046
-160.194168
0.250953
371.421112
-160.952133
0.314089
373.325897
-161.781357
0.383542
375.218994
-162.562119
0.453781
377.153931
-163.294174
0.534782
379.019684
-164.274765
0.721625
381.555511
-165.093155
0.804738
383.611053
-165.867462
0.891600
385.571899
-166.636658
0.979782
387.528839
-167.771591
1.149636
390.286621
-168.607010
1.240624
392.416077
-169.312317
1.363420
394.356018
-170.319489
1.478500
396.774994
-171.646683
1.628174
399.738251
-173.222107
1.756514
402.704620
-174.723633
1.838954
405.275177
-176.224014
1.886332
407.504547
-178.159439
1.973523
409.545685
-180.209473
2.056544
411.670166
-182.589813
2.128218
413.959930
-185.274216
2.187165
416.197449
-189.014084
2.153071
417.956390
-191.910553
2.152956
419.549133
-194.944626
2.125268
420.769165
-197.032196
2.205269
422.516785
-200.246323
2.160548
424.019440
-203.771744
2.171498
426.441254
-207.315536
2.101934
428.033020
-211.022476
2.200509
430.321045
-214.483643
2.042413
431.693481
-218.162415
1.888366
432.900909
-222.332870
2.040936
434.400421
-226.114105
1.997865
435.883057
-229.961533
1.882551
437.352173
-234.045776
1.802622
438.664490
-238.354446
1.660228
440.022125
-242.398392
1.534078
441.419525
-246.515610
1.406104
442.852234
-250.416306
1.279701
444.301086
-254.108292
1.296450
445.775787
-257.186981
1.264687
446.967804
-261.185669
1.175381
448.450623
-264.431000
1.102866
449.675659
-268.371979
1.032939
451.218933
-272.509979
0.947593
452.719574
-276.638153
0.885255
454.360107
-281.061005
0.825640
455.916412
-285.140228
0.753216
457.494873
-288.189850
0.713562
458.751343
-292.243927
0.613829
460.290192
-295.826447
0.529380
461.650238
-299.919922
0.417203
463.179749
-303.425873
0.344179
464.627197
-307.013641
0.226415
466.028931
-310.010559
0.178771
467.124664
-312.392822
0.146547
468.182220
-315.320007
0.007016
469.273071
-318.062683
-0.149864
470.145508
-320.227722
-0.240790
470.220764
-322.882477
-0.425573
470.662262
-325.233215
-0.556409
471.023651
-327.078674
-0.605814
471.243073
-328.884155
-0.618173
470.869598
-330.334747
-0.767128
470.152405
-331.627411
-0.791269
469.082825
-332.930756
-0.892207
467.749756
-333.870087
-0.823290
465.738953
-334.576965
-0.899244
464.013641
-335.662933
-0.940996
461.595154
-335.590668
-1.112786
459.489777
-335.967438
-1.306506
456.579590
-335.690063
-1.525913
454.115631
-335.508911
-1.711736
451.721436
-335.255493
-1.717452
449.134277
-335.196625
-1.875368
446.252533
-335.185974
-2.024245
443.593658
-335.086243
-2.268245
440.872314
-334.904175
-2.616014
438.073608
-335.172729
-3.109132
435.105042
-335.153748
-3.372468
432.055115
-335.360901
-3.745758
428.934967
-334.884766
-3.997789
425.466827
-334.558014
-3.907084
422.578369
-333.974213
-4.025294
418.831207
-333.694519
-4.231988
415.506226
-333.156647
-4.493330
411.995483
-332.738953
-4.599364
409.165863
-332.281403
-4.738894
405.666107
-331.812317
-4.841147
402.237762
-331.032318
-4.816959
398.455170
-330.549622
-4.893335
395.342682
-330.355469
-4.908559
393.241730
-329.899780
-4.921645
390.394989
-329.501953
-4.946892
387.722931
-329.326752
-4.892788
386.353607
-329.054382
-4.870240
384.129089
-329.021851
-4.893526
382.672211
-328.900299
-4.866533
381.038818
-328.793549
-4.836449
379.639862
-328.639465
-4.933392
378.581329
-328.721008
-4.992148
379.087494
-328.702484
-4.967168
380.117676
-328.668823
-4.979509
379.718964
-328.645569
-4.982871
379.465515
-328.646301
-4.980416
380.092743
-328.617493
-4.985686
379.920532
-328.567322
-4.968829
379.913483
-328.510956
-4.973072
379.542419
-328.458374
-4.942621
379.150482
-328.380402
-4.935179
378.681885
-328.308594
-4.912824
378.118195
-328.271637
-4.914755
377.809998
-328.261658
-4.915400
377.546051
-328.312073
-4.914765
377.749329
-328.305481
-4.919040
377.702789
-328.300110
-4.920895
377.692627
-328.300537
-4.912557
377.815063
[0m[ INFO] [1556307651.191093051]: Set scanPeriod: 0.1[0m
[0m[ INFO] [1556307651.327474664]: Set  VLP-16  scan mapper.[0m
[0m[ INFO] [1556307651.187893556]: Set scanPeriod: 0.1[0m
[0m[ INFO] [1556307651.259450000]: Set scanPeriod: 0.1[0m
